1.0 0.5336289405822754 0.8315791659884982 0.6299848090857267 0.8667755471924204
1.0 0.5345250129699707 0.831273905436198 0.6310257121175528 0.8667072218435782
1.0 0.5342181205749512 0.8308417426215278 0.6320065198093653 0.8662905789599007
1.0 0.5351715087890625 0.8306560940212674 0.6325559496879578 0.8662547243377309
1.0 0.5360133171081543 0.8308541191948785 0.6339240054041146 0.8661603534368821
1.0 0.5363724708557129 0.8305984497070312 0.6360058819502592 0.8653623347812228
1.0 0.537530517578125 0.830979749891493 0.6355789709091186 0.8645447818143868
1.0 0.5390948295593262 0.830647447374132 0.6388125167042017 0.8647542887558173
1.0 0.5398442268371582 0.8303400675455729 0.6387037845700979 0.8643078026948152
1.0 0.5403419494628906 0.8297143724229601 0.6378988760709763 0.8645162760181192
1.0 0.5405582427978516 0.8292178683810764 0.6410451647639275 0.864149483103811
1.0 0.5418441772460938 0.8292719523111979 0.6384377682209015 0.8637952345388907
1.0 0.54232816696167 0.8292886522081163 0.6392341849952936 0.8639572088218029
1.0 0.5434145927429199 0.8283484564887152 0.6405743930488825 0.8634491254076546
1.0 0.5438778877258301 0.8265365600585938 0.6420051147788763 0.8628207757737901
1.0 0.5438907623291016 0.8261345757378472 0.6422115752100945 0.8620667021951558
1.0 0.5459863185882569 0.8247980753580729 0.643096521385014 0.862191815552888
1.0 0.5463531017303467 0.8241063435872396 0.6434386039152742 0.8617465414824309
1.0 0.5467440605163574 0.8239991082085504 0.6437448570877313 0.8610541957101704
1.0 0.5476236343383789 0.8235126071506076 0.6467745654284954 0.8606904406606415
1.0 0.548085880279541 0.8225687662760417 0.6484456139057875 0.8602592496518735
1.0 0.5486001968383789 0.8223286946614583 0.6493629328906536 0.8597696064136646
1.0 0.5491887092590332 0.822023688422309 0.6512638135999441 0.8600528262573996
1.0 0.5512608528137207 0.8221856011284723 0.6517974921315909 0.8602133272900994
1.0 0.5511623382568359 0.8223477681477864 0.6527045133709908 0.8600868779641611
1.0 0.551638412475586 0.8223056369357639 0.6536392191052437 0.8606868612030406
1.0 0.551985788345337 0.8223553975423177 0.6540691025182606 0.8605853211438215
1.0 0.5522283554077149 0.8219943576388888 0.6549071450531483 0.8602057939694251
1.0 0.5526595115661621 0.8220009697808159 0.6560910809785128 0.8607579834078566
1.0 0.5542816162109375 0.8219913058810764 0.6569338154792785 0.8602271605126652
1.0 0.5547401428222656 0.8219677395290799 0.6565608566999435 0.8604306437645429
1.0 0.554055118560791 0.8213715447319878 0.6579089336842299 0.8607101142553636
1.0 0.5553937911987304 0.8212448120117187 0.6579488958418369 0.8605318472120497
1.0 0.5564228057861328 0.8215694851345486 0.6574066910147667 0.8609615245866187
1.0 0.5566604614257813 0.8216541714138454 0.6574224317073822 0.8608655309088437
1.0 0.558051586151123 0.821459706624349 0.6586492005735636 0.8608485077045582
1.0 0.5589072227478027 0.8216641743977865 0.6621018821746111 0.860991656338727
1.0 0.5597478866577148 0.8216729905870226 0.6615528626739978 0.8614838248123358
1.0 0.5602903366088867 0.8218021816677518 0.663374338299036 0.8618863078694284
1.0 0.5608577251434326 0.8219384935167101 0.6633276895061135 0.8623827073603502
1.0 0.5603702545166016 0.8224217732747395 0.6645830580592156 0.8629644980253997
1.0 0.5611419677734375 0.8221752590603298 0.6658242344856262 0.862981455532121
1.0 0.5609436988830566 0.8222105238172743 0.665221953317523 0.8632414841357573
1.0 0.5605957508087158 0.8223989698621962 0.6668908214196563 0.8637636663884293
1.0 0.5610057830810546 0.8229966057671441 0.665729641020298 0.8644557549040995
1.0 0.5611103057861329 0.8232830471462673 0.6668805488944054 0.8644786691076962
1.0 0.5607568740844726 0.8232533772786458 0.6675241737067699 0.8645331333301686
1.0 0.5611773490905761 0.8228539360894097 0.667513068690896 0.8645496250670633
1.0 0.5596768379211425 0.8227113511827256 0.6682869078963994 0.8647649720274372
1.0 0.5603978157043457 0.8224978976779513 0.6689441891759633 0.8648274904415931
1.0 0.5601252555847168 0.8223463270399306 0.6683100179582835 0.864510996312271
1.0 0.5591419219970704 0.8216868082682292 0.6692525395751 0.8642782832958079
1.0 0.561337661743164 0.8216256035698785 0.6680806657671928 0.8634596494980801
1.0 0.5590115547180176 0.820908440483941 0.6688038422912359 0.8625115488782342
1.0 0.5587697982788086 0.8194678412543402 0.6709711606800556 0.8616248100186572
1.0 0.5583598136901855 0.819083489312066 0.6708493153005838 0.8613408521958339
1.0 0.5579984664916993 0.8181254069010416 0.6718703152239323 0.8605926372386792
1.0 0.5580718040466308 0.8173599243164062 0.6711365962773561 0.8597748120625813
1.0 0.5592663764953614 0.8165706210666233 0.6720679750293493 0.8598633072700029
1.0 0.5583993911743164 0.8164335462782119 0.6715034095942973 0.8595155124899783
1.0 0.5594884872436523 0.8162306043836806 0.6717453642189503 0.8594864635703005
1.0 0.5591012477874756 0.8162731594509549 0.6703111021593213 0.8593021122025856
1.0 0.5592642307281495 0.8156548394097223 0.671030903570354 0.8589618522738233
1.0 0.5590104103088379 0.8157643636067708 0.6716853701323271 0.8588977827849212
1.0 0.5579707145690918 0.8152589586046007 0.6721420387178659 0.8587852306130492
1.0 0.5573456764221192 0.8149988810221355 0.6729855751246214 0.8591718087372957
1.0 0.5568913459777832 0.8147486368815104 0.6729285188764333 0.859250993375425
1.0 0.5565112113952637 0.8147200690375433 0.6738494930416346 0.859277396849644
1.0 0.5579000473022461 0.8141911824544271 0.6736653979122639 0.8591361399050111
1.0 0.5574454307556153 0.8144443088107639 0.6751575858145953 0.8590338935381101
1.0 0.5568710327148437 0.8146440294053819 0.6748705017566681 0.8595815762178398
1.0 0.5574501991271973 0.8148301866319444 0.6750015609711408 0.8600516274534625
1.0 0.5577857017517089 0.8152239481608073 0.6756177539378404 0.8605097767158791
1.0 0.556760025024414 0.8154392666286893 0.6744480153918266 0.8607658253187015
1.0 0.5578014373779296 0.8159225463867188 0.6757904520630836 0.8616171879238553
1.0 0.5551328659057617 0.8156139797634548 0.6743538238108158 0.8618912574391305
1.0 0.5547623634338379 0.8157587687174479 0.6749086748808623 0.8621969102930139
1.0 0.5541440010070801 0.815476820203993 0.6748681499809026 0.8621035451064875
1.0 0.5544135093688964 0.8154189215766059 0.6750801319628954 0.861878558382576
1.0 0.5538912773132324 0.8151446024576823 0.6753856203705072 0.861922850785432
1.0 0.5546544075012207 0.814738294813368 0.6765300055593253 0.8618975599312487
1.0 0.5548721313476562 0.8150114271375868 0.6767906653881073 0.861886329886354
1.0 0.5554412841796875 0.8146893819173177 0.6769153428077698 0.8619273825044985
1.0 0.5552703857421875 0.8142834133572049 0.6773161149024963 0.8620036468976809
1.0 0.5555351257324219 0.8143912421332465 0.6779192024469376 0.8615420035374016
1.0 0.556706428527832 0.8140884399414062 0.6777493916451931 0.8611050054762098
1.0 0.5562126159667968 0.8136693318684896 0.6777551180124283 0.8608461881566931
1.0 0.5567019939422607 0.8140567355685764 0.6782111165300011 0.8607564709510332
1.0 0.556320333480835 0.8137737698025174 0.6785156368091703 0.8611106983231909
1.0 0.5572176933288574 0.8140155368381077 0.6789404175430536 0.8609884617652421
1.0 0.5557837963104248 0.8136405097113715 0.6782104987278581 0.8607497587321717
1.0 0.5557380676269531 0.8134670681423611 0.680751456618309 0.861229803768205
1.0 0.5570981979370118 0.8133197360568576 0.6821853877604008 0.861427864027612
1.0 0.5564741611480712 0.8134750366210938 0.6813851226493716 0.8611250156826443
1.0 0.5553782463073731 0.8131000094943577 0.6825269071012736 0.8615497308895911
1.0 0.5560186862945556 0.8130796644422743 0.6809115977212786 0.8610843660802017
1.0 0.5552959442138672 0.813307868109809 0.6823092475533485 0.8612474877157328
1.0 0.5559553146362305 0.8131044175889757 0.6854760755598546 0.8620354628857271
1.0 0.5544424057006836 0.8131335788302951 0.6857049949467182 0.8629024606869545
1.0 0.5546611785888672 0.8132155524359809 0.685867330133915 0.8633556176409309
1.0 0.5546544075012207 0.8129681905110677 0.685988928899169 0.8636648669066254
1.0 0.5559712409973144 0.8128543429904513 0.6853861316293478 0.863510317861298
1.0 0.5560032367706299 0.8124486287434896 0.6856078835949302 0.8633645665204084
1.0 0.5562993049621582 0.8122517903645833 0.6878742977231741 0.8631849557382089
1.0 0.555485725402832 0.8114332411024305 0.6914689503610134 0.8629466991660035
1.0 0.5556410789489746 0.8112138536241319 0.6921912372857333 0.8628045885062512
1.0 0.555755615234375 0.8111039903428819 0.6922196626663208 0.8628874776392808
1.0 0.555797815322876 0.8107933892144097 0.6874149708077312 0.8627675341382439
1.0 0.5564062118530273 0.8104663425021701 0.6878234787285328 0.8628122388580699
1.0 0.5565361499786377 0.8103019714355468 0.6877806049212813 0.862821029027303
1.0 0.5571996688842773 0.810784912109375 0.6880217953026294 0.8630461035834418
1.0 0.5568321228027344 0.8108512030707465 0.6954239302873612 0.8632772669380093
1.0 0.5577508926391601 0.8109487745496962 0.6889975456893443 0.8629771266748876
1.0 0.5572504997253418 0.8103950500488282 0.6885821346193552 0.8627249389224583
1.0 0.5582914352416992 0.8106706407335069 0.6884132839739323 0.8626212202472451
1.0 0.556885814666748 0.810186767578125 0.6885683051496744 0.8624996524386936
1.0 0.5566552162170411 0.8105361938476563 0.6964033966511488 0.8626227633158366
1.0 0.5567764282226563 0.8101025051540799 0.6966633689403534 0.8622254503509145
1.0 0.5578361988067627 0.8098985460069444 0.6953892427310348 0.862262185179157
1.0 0.5583829879760742 0.8095963372124566 0.6958007551729679 0.8621969073495747
1.0 0.5606037616729737 0.8094345092773437 0.6905695947632193 0.8623949029710557
1.0 0.5608975410461425 0.8096140543619792 0.6911753775924444 0.8629944935551396
1.0 0.5605294227600097 0.8098090277777777 0.6922738211601972 0.8635260763286072
1.0 0.5600943565368652 0.8100050184461806 0.69455372877419 0.8640785113676095
1.0 0.5565568923950195 0.8095516628689237 0.6930212675034999 0.8644350098974911
1.0 0.5531229496002197 0.8098704020182291 0.6942682568356394 0.865204796967683
1.0 0.5516652584075927 0.8100135803222657 0.6951040514186024 0.8653213278452556
1.0 0.5524472236633301 0.8105448404947917 0.6956952431052923 0.8658016656946252
1.0 0.554191780090332 0.8108168707953559 0.6942775784432887 0.8664008735138692
1.0 0.5535059928894043 0.8105887518988715 0.696107166185975 0.8666288006158522
1.0 0.554751968383789 0.8116875542534723 0.6968207809329032 0.867378515549648
1.0 0.5549531936645508 0.811870829264323 0.7029945205152035 0.8684706207557961
1.0 0.554351806640625 0.8120793660481771 0.7024165868759156 0.8684415089642561
1.0 0.555297565460205 0.8127181159125434 0.6970500948280096 0.8687507990848872
1.0 0.5543540000915528 0.8123058742947049 0.6931131107360124 0.8687690887922123
1.0 0.554965877532959 0.8123864067925347 0.6934426040202379 0.8685714603942118
1.0 0.5544675827026367 0.8119236416286892 0.6931959916651249 0.8684082406832848
1.0 0.5545750617980957 0.8127229478624132 0.6920871659368276 0.8689926441804862
1.0 0.5539194107055664 0.8126961602105035 0.6906896869838237 0.8697742704697597
1.0 0.5545158386230469 0.812473381890191 0.6924752622842789 0.8700180423406907
1.0 0.5539196014404297 0.8126520792643229 0.69374945551157 0.8706615455062301
1.0 0.5536871910095215 0.8123926798502604 0.6917181200534105 0.8709613171330204
1.0 0.5535581588745118 0.8123721652560764 0.6928517581522465 0.8708630112071096
1.0 0.5540992736816406 0.8122409396701389 0.6922278231382369 0.8705705637990693
1.0 0.5530059337615967 0.8124703301323785 0.6916019702330232 0.870652981746344
1.0 0.5527953147888184 0.8119328816731771 0.6923383236676455 0.8704067053618254
1.0 0.5514372825622559 0.811440192328559 0.6892648340016604 0.870310242028884
1.0 0.5527939796447754 0.8106411404079861 0.689472247287631 0.8699281866756488
1.0 0.5551353454589844 0.8107399834526909 0.6895104724168777 0.8700282487751525
1.0 0.5514313697814941 0.810526869032118 0.6885278391093015 0.8702050380942261
1.0 0.5531065940856934 0.8106884426540799 0.6879774046689272 0.8703470595089006
1.0 0.5505976676940918 0.810338846842448 0.688512659445405 0.8704297729774757
1.0 0.5537850856781006 0.8100236680772569 0.6896234409883618 0.8704168168998059
1.0 0.5521170139312744 0.8100694444444444 0.6906831319257617 0.8703921697169174
1.0 0.5525096893310547 0.8097393459743923 0.6902105179429054 0.8705196152204349
1.0 0.5519125938415528 0.8075580173068576 0.7101493579894305 0.8708878385284801
1.0 0.5479748725891114 0.8072391086154513 0.7109715452045202 0.871172942644284
1.0 0.5480562686920166 0.8075280083550347 0.712059194855392 0.8718256175665208
1.0 0.5460594177246094 0.8078048706054688 0.7109467202425004 0.8726853201124404
1.0 0.5456121921539306 0.8084281073676215 0.7121340603753924 0.8737400236247499
1.0 0.5447068691253663 0.808496602376302 0.7118749867752194 0.8749375738920989
1.0 0.5428737163543701 0.8088533189561632 0.7104871061816811 0.876152017145981
1.0 0.5431551933288574 0.8094389173719618 0.7131206009536981 0.8769068529576431
1.0 0.5429633140563965 0.8103407118055556 0.712831692174077 0.877801291383343
1.0 0.5437980651855469 0.8112508138020833 0.7069268423318863 0.8775618207013166
1.0 0.5434727668762207 0.8128969828287761 0.7074734564870596 0.8783997002354375
1.0 0.5467856407165528 0.812990485297309 0.7074905139952898 0.8791400454956808
1.0 0.5433197975158691 0.8140679253472223 0.7077317356318236 0.8805452398606288
1.0 0.5443612575531006 0.8142901950412327 0.7072496502473951 0.880446427192217
1.0 0.5457961082458496 0.8149629380967882 0.7079696501046419 0.8811626559127996
1.0 0.5453854560852051 0.8154164632161458 0.7083388521522284 0.8814395664356373
1.0 0.5450406074523926 0.8151346842447916 0.7085382487624884 0.881695627283167
1.0 0.5457429885864258 0.8145248413085937 0.7104504846036435 0.8818638123406304
1.0 0.5420177459716797 0.8138175116644966 0.7126782217621803 0.881450772933018
1.0 0.5449013710021973 0.8129604763454861 0.7130873840302229 0.8811957851457007
1.0 0.5454975128173828 0.8117441813151042 0.7158965381979943 0.8817539116188331
1.0 0.545225715637207 0.8105863783094618 0.7162434111535549 0.8810558194289972
1.0 0.5458698749542237 0.8098603990342882 0.7165871366485954 0.8805831271042058
1.0 0.5417290687561035 0.8091205173068576 0.7252903132885694 0.8810175043270912
1.0 0.5449607849121094 0.807503424750434 0.7169253998994828 0.8793066969035584
1.0 0.548764419555664 0.8065322875976563 0.7165975114703178 0.8791883489820692
1.0 0.549039649963379 0.8056167602539063 0.717165400236845 0.8786409823099772
1.0 0.5482693195343018 0.8049735175238715 0.7187717511877418 0.8773319934326925
1.0 0.5471321105957031 0.8038998921712239 0.7181045430898666 0.8764782294520626
1.0 0.552525520324707 0.8031868828667534 0.7185622893273831 0.8761219097655497
1.0 0.5463892936706543 0.8017899407280816 0.7163720110803842 0.8752923307301086
1.0 0.5475255012512207 0.8001704745822482 0.7165168448537588 0.8747935830810923
1.0 0.5440751075744629 0.7985557556152344 0.7168739258497954 0.874384347067939
1.0 0.5445205688476562 0.7977043999565973 0.7193696296215057 0.8740982404167269
1.0 0.5468461036682128 0.7963273790147569 0.7190287815779447 0.8734582665525836
1.0 0.5449106216430664 0.7954121907552083 0.7184696285426616 0.8732550698739511
1.0 0.5436058044433594 0.7945242140028211 0.7172493726015091 0.8725051468978693
1.0 0.5459595680236816 0.7930760701497396 0.7186058520525693 0.8713638510527435
1.0 0.5419418811798096 0.7912125481499566 0.7175606643781066 0.869330492961554
1.0 0.529779052734375 0.790425533718533 0.7147394227981567 0.8679869476365454
1.0 0.5519556522369384 0.7894812689887153 0.7233991507813334 0.8685442724345642
1.0 0.5298696994781494 0.7873703002929687 0.7167663390561938 0.8667865096198187
1.0 0.5300144195556641 0.7858064439561632 0.7171825525164605 0.8665024945765366
1.0 0.5380000114440918 0.7840228610568576 0.7177344993501902 0.8646908712975773
1.0 0.5258259296417236 0.7819786071777344 0.7148131307587027 0.8633174525366889
1.0 0.5346885681152344 0.781804911295573 0.7147712546586991 0.8626109575342249
1.0 0.5396652698516846 0.7793319702148438 0.7149765550717712 0.8610596911112468
1.0 0.5305633544921875 0.7761506822374132 0.7154528260231018 0.8592759490307468
1.0 0.5333145141601563 0.7748345269097222 0.714033135175705 0.8578512497890144
1.0 0.5382668495178222 0.774178229437934 0.71377949886024 0.8564122402520827
1.0 0.5348802089691163 0.7724346584743924 0.7163091431930662 0.8550935898298099
1.0 0.5317914962768555 0.7709140353732639 0.7154047550261021 0.8534648763397593
1.0 0.5296451568603515 0.7677785237630208 0.7167101046442985 0.8519945540251556
1.0 0.5257101058959961 0.7646819220648872 0.7165427573025227 0.8508569040416198
1.0 0.5220881462097168 0.7643516540527344 0.7158336690813303 0.8507308843400744
1.0 0.5256548881530761 0.7638268364800347 0.7138380847126246 0.8482735071064513
1.0 0.5254430294036865 0.7609017266167535 0.7141331740096211 0.8471221403428065
1.0 0.5202520847320556 0.7578028361002604 0.7089015574380755 0.8448705171655726
1.0 0.5195136070251465 0.7553287929958767 0.709009088948369 0.843255589214372
1.0 0.5186580657958985 0.7536488850911458 0.7084233430027962 0.8415090108800818
1.0 0.5151921272277832 0.7515728420681423 0.7048911615461111 0.8400841802432213
1.0 0.5128340244293212 0.750604756673177 0.7056454051658511 0.8412763885215477
1.0 0.5122569084167481 0.7503330654568142 0.7060717193037271 0.8404923793415964
1.0 0.5111525535583497 0.7478235880533854 0.7064005506783724 0.8400470020152905
1.0 0.5085072040557861 0.7467739529079861 0.7072138604149222 0.8400543938154055
1.0 0.50955171585083 0.7453462388780382 0.7077591659873723 0.8385252420401867
1.0 0.5052458763122558 0.745108879937066 0.7046583200246095 0.8371778815469624
1.0 0.5008407592773437 0.7421245998806424 0.7049351799488067 0.8347067117102352
1.0 0.4991427421569824 0.7411262512207031 0.7030780813843012 0.8323588381873236
1.0 0.49417529106140134 0.7382176717122396 0.7041988578811288 0.8321335721898961
1.0 0.4969180107116699 0.7361536661783854 0.7031408546119928 0.8300239442895959
1.0 0.502381706237793 0.7334248860677083 0.70181107416749 0.8295989622893156
1.0 0.4724419593811035 0.7300798204210069 0.7003484492748976 0.8286877417858736
1.0 0.4758307933807373 0.7277616712782118 0.7007678503170609 0.8277644138571656
1.0 0.4766411781311035 0.72830810546875 0.6972974162548781 0.8258008660210504
1.0 0.4680025100708008 0.7270287407769097 0.6974659083783626 0.8236833666577752
1.0 0.4758779525756836 0.7255628797743056 0.6938253028690815 0.8224406244725356
1.0 0.467086124420166 0.7228403727213542 0.6962647085636855 0.8205068786055952
1.0 0.4603724479675293 0.7206451416015625 0.6924666050821543 0.818248914082845
1.0 0.45888185501098633 0.7163570827907986 0.6942256774753333 0.81693108499786
1.0 0.4589876174926758 0.7103924221462674 0.6935623143613339 0.8154941923824358
1.0 0.45311689376831055 0.7069851345486111 0.6921372476965189 0.8138769154489776
1.0 0.44921441078186036 0.7047699822319878 0.6865566764399409 0.8112197917184713
1.0 0.45360336303710935 0.7009464687771267 0.6892276841402054 0.8080310985188425
1.0 0.4436953544616699 0.6990548875596788 0.6903712508827449 0.8055326406455334
1.0 0.44588413238525393 0.6961133321126302 0.6889190022647381 0.803171274750321
1.0 0.4711512565612793 0.6950466579861111 0.6835993126779795 0.8039757924021026
1.0 0.4356520652770996 0.6919382731119792 0.6834092272073031 0.8018960981015806
1.0 0.4391427993774414 0.6880908542209201 0.6808018247783184 0.7995320908817244
1.0 0.45958356857299804 0.682662116156684 0.6795599070936442 0.796542465539626
1.0 0.4365447998046875 0.6821254306369358 0.678562433719635 0.7949911377753741
1.0 0.4381443500518799 0.6814238654242621 0.6763639661297203 0.7932973693329611
1.0 0.43203277587890626 0.6796804640028212 0.6795254504680633 0.792171318501602
1.0 0.44921221733093264 0.6792005750868055 0.6777240327373147 0.7915930835111641
1.0 0.4503302574157715 0.6746854994032118 0.6731077093631029 0.7903983182082941
1.0 0.45461077690124513 0.6698749118381077 0.6698849991336464 0.7877755711402423
1.0 0.4418471336364746 0.6646978166368273 0.6724963558465242 0.7861351514156953
1.0 0.4449162483215332 0.6623276604546441 0.6656952138990164 0.783982969802103
1.0 0.4491575717926025 0.6579866197374132 0.6645977021381259 0.7824103077547051
1.0 0.4345849990844727 0.6559399922688802 0.6610046271979809 0.779930290999236
1.0 0.4277531623840332 0.6521611107720269 0.6612927290052175 0.7776001817797438
1.0 0.4198123931884766 0.6487219492594402 0.664457788169384 0.7749097476182161
1.0 0.42988176345825196 0.6452894422743055 0.6517179878801107 0.7724598844551746
1.0 0.42501001358032225 0.6387292650010851 0.6538813894242048 0.7696072099238266
1.0 0.4083261966705322 0.6364654117160373 0.6515840999409557 0.766996269284943
1.0 0.42049508094787597 0.6350618998209635 0.6490516475960613 0.7651514812752053
1.0 0.41596403121948244 0.6337320963541667 0.6465731070190668 0.7618768423574942
1.0 0.39937968254089357 0.6288886176215278 0.6392431050911546 0.7602139188036506
1.0 0.4083620548248291 0.62219361199273 0.6513403127714992 0.7572479230974927
1.0 0.39399983882904055 0.6163811153835721 0.6532209733314812 0.7533265187416548
1.0 0.39415161609649657 0.6107627444797092 0.6484567747078837 0.7512002956131357
1.0 0.37815160751342775 0.6057798597547743 0.6289310628920793 0.7499568432937433
1.0 0.39234051704406736 0.6010400560167101 0.6335614630207419 0.744282833499673
1.0 0.3808596134185791 0.5950785319010417 0.6264955041930079 0.7404809089943214
1.0 0.38198940753936766 0.5916514078776042 0.62210729053244 0.7366331637347185
1.0 0.37302451133728026 0.5895323011610243 0.6032861407473684 0.7340962814990385
1.0 0.3718410015106201 0.5852913750542534 0.6128623369708658 0.7302121129448031
1.0 0.3683746099472046 0.5779677497016059 0.5998035693354905 0.7263435004669943
1.0 0.3601642847061157 0.5700535244411893 0.604298737924546 0.721084784872738
1.0 0.3563287973403931 0.5670438978407119 0.6046603159420192 0.7169345900453168
1.0 0.3472428321838379 0.5606186760796441 0.603758467361331 0.712134876133483
1.0 0.3452350616455078 0.5502254909939236 0.61030567497015 0.7071157756852515
1.0 0.3382169961929321 0.5451924641927083 0.5946917845122516 0.7025514023392289
1.0 0.32150275707244874 0.5408727010091146 0.590032315198332 0.6972477672718189
1.0 0.32931861877441404 0.5360568576388889 0.580880567729473 0.6930025943709008
1.0 0.3217799663543701 0.5250238206651475 0.5727447012439371 0.6875762099984252
1.0 0.3181151866912842 0.5177330864800347 0.5891809940710664 0.6826946225578403
1.0 0.310510516166687 0.5128630744086371 0.5779481218196452 0.6778402753523838
1.0 0.3046423435211182 0.5048775143093533 0.5722023839876056 0.6743629105297136
1.0 0.29911768436431885 0.4991202460394965 0.5671201351098716 0.6717760224989903
1.0 0.2933662891387939 0.4955709669325087 0.559672664962709 0.6677994253605972
1.0 0.287028169631958 0.488445070054796 0.5555615582689643 0.6618200358049369
1.0 0.2813242435455322 0.48236601087782116 0.5601347820088267 0.6558208817611506
1.0 0.2742194175720215 0.473830074734158 0.5447102160006762 0.6520494900220706
1.0 0.2677299499511719 0.46612074110243057 0.5326266056299209 0.6459352347291546
1.0 0.25971407890319825 0.4576939900716146 0.5137669012323022 0.6428163436607078
1.0 0.2521171569824219 0.4525562710232205 0.5042913109064102 0.6373771089389
1.0 0.24735569953918457 0.4456574334038628 0.49965678807348013 0.6329402795250033
1.0 0.23824138641357423 0.43574837578667536 0.523271114975214 0.6270166777387077
1.0 0.23203768730163574 0.4286588880750868 0.49266711685806513 0.623185632729236
1.0 0.2245866298675537 0.41755540635850696 0.4829241453483701 0.6151036387314031
1.0 0.21534671783447265 0.411993408203125 0.47966855809092523 0.6086530812581381
1.0 0.20909295082092286 0.405464850531684 0.47560125451534985 0.6029599392266921
1.0 0.20022187232971192 0.390773434109158 0.4727021009847522 0.5990128892733727
1.0 0.19551472663879393 0.38132705688476565 0.46708634790033104 0.5904069126976861
1.0 0.1862781524658203 0.37147382100423176 0.4571401605010033 0.5861864957103022
1.0 0.17570576667785645 0.3626440684000651 0.4524370306357741 0.5780056372395268
1.0 0.1696654200553894 0.3502956814236111 0.44902125366963447 0.571124331627363
1.0 0.15935125350952148 0.3410418192545573 0.44011579461395745 0.5637013219904017
1.0 0.14944733381271363 0.3314598931206597 0.4334122397843748 0.5567371250670633
1.0 0.141459321975708 0.32114806705050997 0.42700549747794864 0.5481265013011886
1.0 0.13013391494750975 0.3101467768351237 0.42135533742606646 0.5414968325473645
1.0 0.12256752252578736 0.29922330644395617 0.4132982661109418 0.5331747712323696
1.0 0.11321034431457519 0.2890193727281358 0.40863061722368005 0.5248656977841883
1.0 0.09836646318435668 0.2782950507269965 0.4003222639020533 0.5193098631022889
1.0 0.09099427461624146 0.2658810509575738 0.391324288835749 0.5117433594479973
1.0 0.08197140693664551 0.2557028240627713 0.3842568388208747 0.502106862804036
1.0 0.07073893547058105 0.24430465698242188 0.3782090670242906 0.4941207302941216
1.0 0.061601996421813965 0.23342073228624133 0.3688573938794434 0.4860124914145764
1.0 0.046893882751464847 0.21909300486246744 0.35941518262028693 0.47888373313126736
1.0 0.0376509428024292 0.20923258463541666 0.35263252863660455 0.4705212006745515
1.0 0.02396824359893799 0.19688805474175347 0.3428383018635214 0.4619566333441087
1.0 0.012174749374389648 0.185856204562717 0.33439219135791065 0.4530271684387584
1.0 0.0026759862899780273 0.1729312472873264 0.3262965515442192 0.4446705877045054
1.0 0.0004454135894775391 0.1569690704345703 0.3139130450412631 0.43522001637352836
1.0 0.0 0.14493624369303384 0.3069914817810059 0.4282976671501442
1.0 0.0 0.1323078473409017 0.2964500904083252 0.41735570850195713
1.0 0.0 0.11587635676066081 0.2870682716369629 0.4063750781394817
1.0 0.0 0.101812744140625 0.27506041526794434 0.3977499559190539
1.0 0.0007126808166503906 0.08834936353895399 0.26564432732760906 0.38843332791034085
1.0 0.0 0.07301139831542969 0.2548607349395752 0.37876271406809486
1.0 0.0 0.056770070393880205 0.2432647705078125 0.3667302347112585
1.0 0.0 0.040188174777560766 0.2320197582244873 0.35904664416372045
1.0 0.001299142837524414 0.025700134701199 0.21987844537943602 0.34622700407181256
1.0 0.00030834674835205077 0.008607779608832465 0.20820386162027718 0.3351468378820537
1.0 0.0003709077835083008 0.0 0.1960995756648481 0.32919417487250435
1.0 0.0 0.0 0.18309851884841918 0.31774987114800346
1.0 0.0 0.0 0.17114900350570678 0.27202608320448135
