1.0 0.2872441053390503 0.212992435031467 0.6996202369965613 0.75631369119809
1.0 0.2864559173583984 0.21253560384114584 0.6992966035008431 0.7563482341059932
1.0 0.28583984375 0.21295657687717015 0.698784294128418 0.7564291991716549
1.0 0.28531947135925295 0.212701416015625 0.6978762781992555 0.7573872968885633
1.0 0.28439626693725584 0.21298402150472004 0.697152063921094 0.7575763676784657
1.0 0.28361608982086184 0.21273456149631076 0.6968897454254329 0.7581801144870711
1.0 0.2829855680465698 0.21095860799153646 0.6962412626482546 0.7560206649921558
1.0 0.28275108337402344 0.21262989044189454 0.6956185057759285 0.7579995279841952
1.0 0.2823376178741455 0.212595706515842 0.6949693289026617 0.757924044456011
1.0 0.282175350189209 0.2105492697821723 0.6950701159983874 0.7558499112246949
1.0 0.2820488452911377 0.2127439710828993 0.6947381931170822 0.758176710576187
1.0 0.2814131021499634 0.21126013861762152 0.6947643913142383 0.7562243748888557
1.0 0.28106329441070554 0.21133456759982638 0.6945546655170619 0.7566731342268579
1.0 0.28072271347045896 0.212123171488444 0.6951421088725328 0.7570115470003199
1.0 0.2804705142974854 0.21177243126763237 0.6949402699992061 0.7575279507519287
1.0 0.2805678367614746 0.21170654296875 0.695016630962491 0.7584969753689237
1.0 0.28113598823547364 0.21198230319552952 0.6951946672424674 0.7596872017707353
1.0 0.28145780563354494 0.21279180314805773 0.6950849816948176 0.7598028919726242
1.0 0.281827974319458 0.21436835394965278 0.6955377354845405 0.7625852617805386
1.0 0.28192570209503176 0.21434495713975693 0.6954381432197988 0.7629908389809692
1.0 0.28214683532714846 0.21324072943793404 0.695743718445301 0.7609500684855897
1.0 0.2826232433319092 0.21434385511610243 0.6958354235067963 0.7607193154464533
1.0 0.2829272270202637 0.2148159450954861 0.6956210384517908 0.760579126617055
1.0 0.2838700294494629 0.21708399454752605 0.695392087623477 0.7628987880989356
1.0 0.28433680534362793 0.21749530368381076 0.6953799450770021 0.7629302602932777
1.0 0.28526132106781005 0.21958118014865452 0.6960044039972126 0.7631469202630313
1.0 0.2856187105178833 0.2209207958645291 0.6963837825320661 0.7634615100165943
1.0 0.28485817909240724 0.2233981662326389 0.6958765928074717 0.7655685292938609
1.0 0.2854193687438965 0.22361780802408854 0.6958323330432177 0.7666341354228833
1.0 0.2865738868713379 0.22409006754557292 0.6960658442229033 0.7671516001666033
1.0 0.2874598503112793 0.22478858100043403 0.6963601235300303 0.7672048834812494
1.0 0.2878726959228516 0.22482859293619792 0.696509813964367 0.7676916680512604
1.0 0.2882833480834961 0.2262883292304145 0.6969677336513996 0.7680945919472494
1.0 0.2887826204299927 0.22543979220920138 0.697308854367584 0.7683139711544839
1.0 0.2889642000198364 0.2249181111653646 0.6972282223962247 0.7684636384469491
1.0 0.289310359954834 0.22453155517578124 0.6969763726741076 0.7683957650926379
1.0 0.29003658294677737 0.22553047604031032 0.6973612804710865 0.7687365136617497
1.0 0.29068765640258787 0.22601521809895833 0.6972646414488554 0.7689049586543331
1.0 0.2904538154602051 0.22493506537543403 0.6970862963050604 0.7687609917440532
1.0 0.29080986976623535 0.22491762373182508 0.6970340905711054 0.7683567428294523
1.0 0.2913020133972168 0.226593017578125 0.6973516134172678 0.7681713951958551
1.0 0.2918351650238037 0.22491912841796874 0.6972390924766659 0.7678260739644369
1.0 0.29208765029907224 0.22273423936631945 0.6969217508286237 0.7672021418441961
1.0 0.29242448806762694 0.22395248413085939 0.696761747226119 0.7655051983727349
1.0 0.2926884651184082 0.22406590779622396 0.6966691299527883 0.7656346557758472
1.0 0.29315185546875 0.22352930704752605 0.696962308883667 0.7652250243999339
1.0 0.29361653327941895 0.22238023546006944 0.6970467751845717 0.7655301006929375
1.0 0.29441611766815184 0.2235062493218316 0.6968075888790191 0.7654083314354037
1.0 0.2947967052459717 0.22203648885091146 0.6966904187574983 0.7652615995760317
1.0 0.2956540107727051 0.22127312554253473 0.6967000963538885 0.7659760081915208
1.0 0.296921443939209 0.22202182345920138 0.6968762988597155 0.7654329422373831
1.0 0.29744532108306887 0.22270734575059678 0.6970780685357749 0.7652747398246954
1.0 0.29824094772338866 0.220296139187283 0.6973891077190638 0.7655600372361547
1.0 0.2989804267883301 0.22286936442057292 0.6971675636619329 0.7655089067529749
1.0 0.30009310245513915 0.22260030110677084 0.6974488866142929 0.7649608117562753
1.0 0.3004981517791748 0.22142834133572048 0.6977843112125993 0.764877329343631
1.0 0.30066666603088377 0.22137287987603083 0.6975784720107913 0.7655865162095905
1.0 0.3018478870391846 0.2217204835679796 0.6977073442563414 0.765593832363317
1.0 0.3025557041168213 0.22238099839952258 0.6976805652305484 0.7656809073318669
1.0 0.30376644134521485 0.22079461415608723 0.6976961655914783 0.7656405555760419
1.0 0.3046133279800415 0.22287385728624132 0.6976446731202304 0.766139088501165
1.0 0.30527424812316895 0.2227693557739258 0.6979414647445082 0.7661456762419806
1.0 0.306353759765625 0.22262564765082465 0.6980669355392456 0.7657937368934538
1.0 0.3071478843688965 0.22357192569308812 0.6980378956347704 0.7656710304742977
1.0 0.30791826248168946 0.22428020901150172 0.6981647046655416 0.7652631457058001
1.0 0.3086419105529785 0.22371285756429035 0.698172627016902 0.7649290880450497
1.0 0.30984206199645997 0.22398658328586155 0.6983450197055936 0.7644155887026846
1.0 0.3109288215637207 0.2248490227593316 0.6986774321645498 0.763890590549987
1.0 0.31130075454711914 0.223099242316352 0.6984287094324827 0.7639196389104113
1.0 0.3127528190612793 0.2213017781575521 0.6985846451669931 0.7631015516210485
1.0 0.31379745006561277 0.22350234985351564 0.6983148928917944 0.7617924276987711
1.0 0.3145464897155762 0.22336010403103299 0.6983461604267359 0.7611467546298181
1.0 0.31514949798583985 0.22153021494547526 0.6984813018143177 0.7598806973739907
1.0 0.3158330202102661 0.22262842390272353 0.6981624313257635 0.7587792677055171
1.0 0.31687653064727783 0.22168494330512153 0.6985695979557931 0.7574038114665467
1.0 0.31766462326049805 0.22094607883029513 0.6984532061964274 0.756380125210609
1.0 0.31804676055908204 0.21977149115668404 0.6983187256753445 0.7559744316854594
1.0 0.3188509464263916 0.22058054606119792 0.6982591126486659 0.7553044644108524
1.0 0.31991329193115237 0.22050696478949652 0.6980695982277394 0.7546692075847108
1.0 0.3201125621795654 0.2190482881334093 0.6974727762117982 0.7544645617037643
1.0 0.32058229446411135 0.22098397148980034 0.6969934263080358 0.7532397290218024
1.0 0.32102241516113283 0.22097651163736978 0.6963571724295616 0.7531575114638718
1.0 0.3227287769317627 0.21908967759874132 0.6965376573428512 0.7526284480389254
1.0 0.3232081890106201 0.2180233637491862 0.6966231134906411 0.7524866659552962
1.0 0.3240650177001953 0.22013846503363715 0.6957821139693261 0.7524781334253005
1.0 0.3231574773788452 0.21907450358072916 0.6949240392632783 0.7514062401100442
1.0 0.32440733909606934 0.2207928975423177 0.6957402186468243 0.752838857792042
1.0 0.3246777057647705 0.22117665608723958 0.6949694385752082 0.7524410876521358
1.0 0.32480392456054685 0.22128168741861978 0.693764801621437 0.7514564955676044
1.0 0.3249037742614746 0.2220701429578993 0.6924014461785555 0.7509849211610393
1.0 0.325180721282959 0.22314760420057508 0.6902000541239977 0.7506981701026728
1.0 0.32556853294372556 0.2234452141655816 0.6887327616289258 0.7505313511836675
1.0 0.3256032943725586 0.22437523735894097 0.6876609475910664 0.7506936676119581
1.0 0.3258572340011597 0.224875365363227 0.6876187875308096 0.7498141515107802
1.0 0.3259913444519043 0.22536534203423395 0.6873527029901743 0.7494843897701782
1.0 0.32621426582336427 0.22803192138671874 0.6870022919401526 0.7496377669440376
1.0 0.32668724060058596 0.22950346204969618 0.6867421892285347 0.7498521436290976
1.0 0.32697348594665526 0.2308550516764323 0.6856948788836599 0.7499245258613868
1.0 0.3267919301986694 0.23083521525065104 0.6849440498836339 0.7490865068082456
1.0 0.329204797744751 0.23118648529052735 0.6843026785179973 0.747717051241133
1.0 0.3294048547744751 0.23174828423394098 0.6841458812169731 0.7464663218274529
1.0 0.32989044189453126 0.23189442952473957 0.6829030549526214 0.7462411364802608
1.0 0.3306435585021973 0.23148184882269965 0.6822616928070784 0.7459287347911316
1.0 0.33098182678222654 0.23293677435980903 0.6824023815989494 0.7451074018596131
1.0 0.3303039073944092 0.23305875990125868 0.6816943788900971 0.7444174503985747
1.0 0.33123881816864015 0.23471594916449653 0.6802209369279444 0.7436488184516812
1.0 0.33242006301879884 0.23461532592773438 0.6782197775691747 0.7427367369333903
1.0 0.33245344161987306 0.2354481167263455 0.6757058659940958 0.7426897191412655
1.0 0.3329962730407715 0.23598531087239583 0.6750491232424974 0.7419971564964012
1.0 0.3339375972747803 0.2396025127834744 0.6745818980410695 0.741967464229207
1.0 0.3355889797210693 0.24005949232313367 0.6743422846868634 0.7419655579696467
1.0 0.33598856925964354 0.24117431640625 0.6740405160561205 0.7419706217447917
1.0 0.3362600326538086 0.23870196872287328 0.6739484174549579 0.7422649050347598
1.0 0.33694002628326414 0.2414215087890625 0.6737958705238998 0.7427323701646593
1.0 0.33734047412872314 0.24512803819444445 0.6733260638080537 0.7424972383475598
1.0 0.3377209663391113 0.2457095675998264 0.6724682226032018 0.7435558144840193
1.0 0.3382875919342041 0.24891730414496527 0.6722146270796656 0.7444084793844341
1.0 0.33894011974334715 0.25235188802083336 0.670968666318804 0.745167157208478
1.0 0.3419879198074341 0.2502087910970052 0.6648244318924844 0.7432159067083289
1.0 0.34313325881958007 0.2514034695095486 0.6635015537589789 0.74382807460832
1.0 0.34378852844238283 0.2536325242784288 0.6619049724936485 0.7447053260567749
1.0 0.3439189434051514 0.2550811979505751 0.6611880413070321 0.7455027897858325
1.0 0.3446931838989258 0.25675729115804036 0.660862185806036 0.7461433655244333
1.0 0.3453532695770264 0.2597825792100694 0.6607690206542611 0.7470831741521388
1.0 0.3465031862258911 0.2653752644856771 0.6605629392527044 0.7474670487863047
1.0 0.34767837524414064 0.26911595662434895 0.6597270792722701 0.747100643935027
1.0 0.3452280282974243 0.2727764553493924 0.6588291065208614 0.7572574047983429
1.0 0.3456132411956787 0.27551920149061415 0.6584866749122739 0.7581101221214106
1.0 0.3453441381454468 0.27709520128038195 0.6576048794575036 0.7602430616779091
1.0 0.34584684371948243 0.2790949503580729 0.6561165640503168 0.7623713436833135
1.0 0.34688215255737304 0.2806189431084527 0.6553964940458537 0.764099319393252
1.0 0.34750638008117674 0.28303553263346354 0.6548689582571388 0.7671613689705178
1.0 0.34749689102172854 0.28631165822347004 0.6542216592282057 0.7691203706352799
1.0 0.35185580253601073 0.2886855231391059 0.6526187035813928 0.757036266444642
1.0 0.352678918838501 0.2908319261338976 0.6519478182122111 0.7594991904129216
1.0 0.35325558185577394 0.29351153903537325 0.6517571573518216 0.760610886208805
1.0 0.353755784034729 0.29590252770317926 0.6510919602029025 0.7616327864741101
1.0 0.3537719488143921 0.29698079427083335 0.651329031009227 0.7633853714554399
1.0 0.35359854698181153 0.2984992133246528 0.6505530186370014 0.7647418033929518
1.0 0.35353760719299315 0.30056194729275176 0.6504175491258503 0.7663428915282826
1.0 0.3533589839935303 0.30150638156467013 0.648600366897881 0.766385236904945
1.0 0.35287771224975584 0.30309880574544273 0.6477538324147463 0.7684164283893726
1.0 0.3526871681213379 0.30499225192599827 0.6465276514738798 0.7693351751492347
1.0 0.3528597354888916 0.3090228610568576 0.6436586258932948 0.7696834114451467
1.0 0.3526715517044067 0.31111763848198787 0.6414592661522329 0.7685203254370042
1.0 0.3527291536331177 0.313092041015625 0.6409146731160581 0.768468246459961
1.0 0.3527029037475586 0.31528735690646703 0.6404555948078633 0.767899859275347
1.0 0.35305233001708985 0.31682603624131944 0.6395446582138538 0.7685790271523558
1.0 0.35342566967010497 0.3174506505330404 0.6385778176225723 0.7691991923473499
1.0 0.3536549091339111 0.3184870402018229 0.6374721869453788 0.7710723799246328
1.0 0.3540046215057373 0.319633060031467 0.63669657651335 0.7721351735385847
1.0 0.35414371490478513 0.31909202999538844 0.6355605940520763 0.7700418257124629
1.0 0.35429065227508544 0.31979927486843535 0.6352375651337206 0.7700739889086029
1.0 0.35460267066955564 0.3204622056749132 0.63425117444247 0.7721641156702866
1.0 0.35507874488830565 0.3206094317966037 0.6329677290841937 0.7726037033987634
1.0 0.35533781051635743 0.32035005357530383 0.6323759148269892 0.7709775615032808
1.0 0.35570645332336426 0.32059232923719616 0.6312812378630042 0.7730798013710681
1.0 0.35568742752075194 0.32073440551757815 0.6304166039079429 0.7755519517262777
1.0 0.35547409057617185 0.3203807406955295 0.6295577961206436 0.7760226679436955
1.0 0.3551919460296631 0.32014781104193796 0.6290776984766125 0.7751027169345338
1.0 0.3545281171798706 0.32020263671875 0.6290081697143615 0.7757891167534723
1.0 0.3542311668395996 0.3189791361490885 0.6284743440896273 0.780934638623838
1.0 0.3534743547439575 0.31797926161024304 0.6280143106542527 0.7833306399686837
1.0 0.3527856349945068 0.3175648159450955 0.6275719146803022 0.7854013246371423
1.0 0.35189075469970704 0.31662673950195314 0.6275433836877345 0.7886081600189209
1.0 0.35053081512451173 0.31476626925998263 0.6272979213297367 0.7892927271054115
1.0 0.34919784069061277 0.31410208808051215 0.6276634570397437 0.7880879509301834
1.0 0.34697465896606444 0.3142971462673611 0.627496679648757 0.789070091718509
1.0 0.3433638572692871 0.31713534461127385 0.6291575587540865 0.7870616535198541
1.0 0.3423949956893921 0.3139344957139757 0.6291844463534654 0.788114293180866
1.0 0.34098961353302004 0.31326175265842016 0.6284412015043199 0.7895729505279918
1.0 0.33965561389923093 0.31203248765733504 0.6278692761622369 0.7912037878860662
1.0 0.3375713586807251 0.3103353712293837 0.627801763098687 0.7894393467608793
1.0 0.33391580581665037 0.30975890689426 0.6276457368582486 0.7901238259268396
1.0 0.33280148506164553 0.30822084214952256 0.6273360433802009 0.7900434798958862
1.0 0.3322040557861328 0.30636020236545136 0.6273636421561241 0.7935913589854299
1.0 0.33117449283599854 0.3052750481499566 0.6274300592951476 0.7948506142180644
1.0 0.32845335006713866 0.303779665629069 0.6269888219982386 0.794713497073562
1.0 0.32567310333251953 0.304064687093099 0.6264530263841153 0.7940860497509993
1.0 0.32340469360351565 0.3026648627387153 0.6260913532972336 0.7956704151483229
1.0 0.32007107734680174 0.30169925689697263 0.6255821683630347 0.7954062533378601
1.0 0.3188566923141479 0.29955503675672746 0.6253399778343737 0.7938869128992528
1.0 0.3167922019958496 0.29817114935980904 0.6242962682992219 0.7905522464234152
1.0 0.3149214506149292 0.29870198567708334 0.6240567363239824 0.7400394920066551
1.0 0.31331596374511717 0.2977709664238824 0.6242636981606483 0.7361172417946804
1.0 0.31111276149749756 0.29664168887668185 0.6256440510042012 0.7569574841452233
1.0 0.3084709882736206 0.2977280298868815 0.6243490224517882 0.7360072686054088
1.0 0.3061854839324951 0.29655371771918404 0.6212202290073037 0.7725118225003466
1.0 0.3048117160797119 0.29538116455078123 0.6205077631399035 0.7706499290466309
1.0 0.30466108322143554 0.291278076171875 0.6209486214071512 0.7702952660454644
1.0 0.3023836612701416 0.29337539672851565 0.6202641842886806 0.7609789816538494
1.0 0.30020020008087156 0.29058202107747394 0.6184421310387551 0.7638916103928177
1.0 0.2970994234085083 0.2882744683159722 0.6172188912890851 0.7647585475591966
1.0 0.29545960426330564 0.28739903767903646 0.6147970290109515 0.7710364663159406
1.0 0.29248294830322263 0.2803687201605903 0.6133590678870677 0.7244424980069384
1.0 0.29087941646575927 0.278337287902832 0.6127919307537377 0.7239776375558642
1.0 0.2891201972961426 0.2756507873535156 0.6117249991744756 0.7381740771399604
1.0 0.28568854331970217 0.2741562737358941 0.6118339671567082 0.7283391506289258
1.0 0.28327512741088867 0.27271728515625 0.6117995653301478 0.7360719299316407
1.0 0.28181350231170654 0.2715983284844293 0.6110317596234381 0.7468894223519313
1.0 0.28082590103149413 0.2695386250813802 0.6087725137919188 0.7609728392848262
1.0 0.27777833938598634 0.2698735555013021 0.6070063056796788 0.7716758212336788
1.0 0.274234414100647 0.26926888359917533 0.6068694564513862 0.7735094959353224
1.0 0.27145583629608155 0.2679989284939236 0.6063195451535284 0.7755373726362063
1.0 0.2693933486938477 0.26548868815104165 0.6052034501731396 0.7753406298602068
1.0 0.26812455654144285 0.26425198449028864 0.605009033549577 0.7755894551159422
1.0 0.266234302520752 0.2646566814846463 0.6023356445878745 0.7748808852242834
1.0 0.2639762878417969 0.26317161983913845 0.601050711274147 0.7746026947174544
1.0 0.26214554309844973 0.2586490207248264 0.5997628692351282 0.7350988001882294
1.0 0.25890445709228516 0.25628655751546225 0.6000429205596447 0.7281658597345706
1.0 0.2577190399169922 0.25560133192274304 0.5996342435479164 0.7465427167916003
1.0 0.25651893615722654 0.2524401346842448 0.5966383549571037 0.7577608761964021
1.0 0.2533912181854248 0.2512472364637587 0.595516464151442 0.7665544777151979
1.0 0.2504043340682983 0.24984351264105903 0.5944920242018997 0.767787811608962
1.0 0.24832563400268554 0.24891603257921008 0.5932048527151347 0.7654250894946816
1.0 0.2457197427749634 0.2483594258626302 0.5914746345393359 0.7616805080131248
1.0 0.243912410736084 0.24832303788926866 0.5897636289149523 0.7609783151709004
1.0 0.2423558235168457 0.24742582109239367 0.5883153554052114 0.7603130913075106
1.0 0.2408081293106079 0.24621861775716145 0.5870806979946792 0.7612677641268131
1.0 0.23934335708618165 0.24763929578993055 0.586356191560626 0.758946539796429
1.0 0.23782203197479249 0.2455233891805013 0.5867407571710646 0.7566222589104264
1.0 0.23687143325805665 0.2450180901421441 0.5863497304171323 0.7556911573292296
1.0 0.23415899276733398 0.2401148478190104 0.5823971528559924 0.7513468389157896
1.0 0.23292341232299804 0.23923263549804688 0.5820794001966715 0.7513749366336399
1.0 0.2315119743347168 0.23784544203016494 0.5823260740190744 0.7518003794587688
1.0 0.23027994632720947 0.23796327379014756 0.5812654062919319 0.7514323094450398
1.0 0.22947943210601807 0.23623648749457465 0.5813182930462062 0.7509489696408496
1.0 0.22744288444519042 0.23631040785047744 0.5804635322466493 0.7490538101431764
1.0 0.22629189491271973 0.23565453423394098 0.5799141613766551 0.7482300683009772
1.0 0.22438347339630127 0.2351693895128038 0.5792904711328447 0.7474424561159111
1.0 0.22358620166778564 0.23413552178276908 0.5790181524120271 0.7480227935461351
1.0 0.2231473445892334 0.2331973393758138 0.5789196469262242 0.7472516627664919
1.0 0.22232484817504883 0.23066465589735244 0.5785887446254492 0.7465247930126425
1.0 0.22319812774658204 0.2280228508843316 0.5776999054849148 0.7453620973045443
1.0 0.2224966526031494 0.22644432915581597 0.5773589904233813 0.7448613430541239
1.0 0.2218709945678711 0.22590340508355033 0.5764906342327595 0.7433694456830438
1.0 0.22110486030578613 0.2255462646484375 0.5760788640007377 0.742398804558648
1.0 0.21901774406433105 0.22302780151367188 0.5758803660050035 0.7413604662153456
1.0 0.21795206069946288 0.22181727091471354 0.5755493675917387 0.740415085333365
1.0 0.21671051979064943 0.21972556644015842 0.5753736693784595 0.7395809611273401
1.0 0.21553869247436525 0.21618262396918403 0.5757149989157915 0.73876021185039
1.0 0.21468324661254884 0.21479932996961806 0.5758543791621923 0.7392004841934016
1.0 0.21282124519348145 0.21262588500976562 0.5757543152198196 0.7376689773135715
1.0 0.21179237365722656 0.211909908718533 0.5750634190440178 0.7362084340460506
1.0 0.21065683364868165 0.20997670491536458 0.5743440913408995 0.7358421954402218
1.0 0.20926780700683595 0.20971016354031033 0.5745679548382758 0.7359719262594058
1.0 0.20781726837158204 0.20787124633789061 0.5740460930764675 0.7354509343041314
1.0 0.20634427070617675 0.20582648383246527 0.5740997436270118 0.734078363960172
1.0 0.20454668998718262 0.20393539004855685 0.5737214425578714 0.7343879464526236
1.0 0.20200681686401367 0.20386411878797744 0.5731361541897059 0.7337196257084975
1.0 0.20058789253234863 0.20392708248562283 0.5728486331924796 0.7322413854540131
1.0 0.1987795948982239 0.2040896945529514 0.5729726407583803 0.7323163515255775
1.0 0.19739227294921874 0.2041624281141493 0.5721904718875885 0.7326920405729317
1.0 0.19575012922286988 0.20305107964409722 0.5711453833524137 0.7318611323980638
1.0 0.19470912218093872 0.20417474110921224 0.5699204390402883 0.7311655511679472
1.0 0.19169243574142455 0.20389285617404515 0.5699316649977118 0.731375751024411
1.0 0.18991565704345703 0.20458145141601564 0.5687918864190579 0.7299045255449083
1.0 0.18822159767150878 0.20331172943115233 0.5677291954681277 0.7297843035062155
1.0 0.18736672401428223 0.20241368611653646 0.5674016086384654 0.7297925020147253
1.0 0.18574455976486207 0.20132395426432292 0.5666638737265021 0.7301373382850929
1.0 0.1846190094947815 0.2013760036892361 0.5650351620744913 0.7290074374351972
1.0 0.18244175910949706 0.20072157118055556 0.564052051268518 0.7288909384645061
1.0 0.18061537742614747 0.20051339467366536 0.5622390650585294 0.728539766823804
1.0 0.17903307676315308 0.19916330973307292 0.562345729926601 0.7278320234793204
1.0 0.17729344367980956 0.1979684617784288 0.5607333767041565 0.7275764028525648
1.0 0.17582201957702637 0.19655787150065104 0.5612182298675179 0.7282762820632369
1.0 0.17522010803222657 0.1937496821085612 0.561961803138256 0.7269697066589639
1.0 0.17423933744430542 0.19392801920572916 0.5618785506580025 0.725511905528881
1.0 0.17366820573806763 0.1911055670844184 0.5598936376627535 0.7245872435157682
1.0 0.17308152914047242 0.19099848005506728 0.5588214508164674 0.7238615825146805
1.0 0.17254554033279418 0.18964606391059027 0.5581468111928553 0.7244363436286833
1.0 0.17166668176651 0.18963792588975695 0.5576235014479607 0.7238677954968111
1.0 0.16994180679321289 0.1894556681315104 0.5572318398207426 0.723763186843307
1.0 0.16920021772384644 0.18886820475260416 0.5567067062202841 0.7234701863041632
1.0 0.16779078245162965 0.1886802037556966 0.55610498980619 0.7230893167742977
1.0 0.1666313648223877 0.18808828989664714 0.5557835536822677 0.7227424080283553
1.0 0.1659013271331787 0.18802704281277127 0.5556339203193784 0.7225789697376298
1.0 0.1649596571922302 0.18731579250759547 0.5553988600242883 0.7224104154845815
1.0 0.16405338048934937 0.1858462651570638 0.5550807547289878 0.7232363463331153
1.0 0.16313281059265136 0.18637939029269748 0.5549408069625497 0.7229345838817549
1.0 0.16226948499679567 0.18535455067952475 0.5550882042292505 0.7228544575196725
1.0 0.16128309965133666 0.1848544650607639 0.5547297257278114 0.723067588335202
1.0 0.16044663190841674 0.1843989054361979 0.5547615643683821 0.7225769728201408
1.0 0.15974459648132325 0.1819607416788737 0.5546011802926659 0.7225242407233627
1.0 0.1591435432434082 0.1833438237508138 0.5545099540799856 0.7222244343051205
1.0 0.1586306571960449 0.18185643090142145 0.5547937390953303 0.7219499769622897
1.0 0.15827555656433107 0.1821205351087782 0.5546456724777817 0.7217543824219409
1.0 0.15763015747070314 0.18155023786756727 0.5546541398763656 0.7222457445698021
1.0 0.15697531700134276 0.1823815451727973 0.5548531587794423 0.723387303735003
1.0 0.15638073682785034 0.1827155219184028 0.5544700554851443 0.7239816783386983
1.0 0.15602716207504272 0.1829193115234375 0.5546402287948877 0.724963976542155
1.0 0.15591044425964357 0.18465949164496528 0.5547691613808274 0.7253769377720208
1.0 0.1554768919944763 0.1847890853881836 0.555100043611601 0.7264376674758064
1.0 0.15493035316467285 0.1861536661783854 0.5551901159808039 0.7272174460799606
1.0 0.15459871292114258 0.18744125366210937 0.5547373320907354 0.7274576791127523
1.0 0.15431642532348633 0.18797471788194445 0.5548145141452551 0.7277227802041136
1.0 0.15423927307128907 0.18861675262451172 0.5551777812838554 0.7285381489329867
1.0 0.1542827606201172 0.18920813666449654 0.55541707187891 0.7302786944824972
1.0 0.15454988479614257 0.19049188825819227 0.5552646090835334 0.7324377255675234
1.0 0.15524616241455078 0.192760615878635 0.5555241797864438 0.7335014182255591
1.0 0.1559051513671875 0.1976058112250434 0.5558015656471252 0.7350582908112326
1.0 0.1563108444213867 0.19926444159613715 0.5563663484156132 0.7360310237790332
1.0 0.15665025711059571 0.2008254157172309 0.5569384308904409 0.7367853526127192
1.0 0.15725455284118653 0.20213902791341146 0.5574636717513204 0.7380537375697384
1.0 0.15843263864517212 0.20232035319010416 0.5579219455551356 0.7395710570723922
1.0 0.15943441390991211 0.20433163113064237 0.5584413445740938 0.7401526752519019
1.0 0.16023340225219726 0.20580054389105903 0.560593258664012 0.741229940108311
1.0 0.16109905242919922 0.20795321994357638 0.5613257671892643 0.742751048994653
1.0 0.162065589427948 0.2091252644856771 0.5618464811984449 0.7440278533652976
1.0 0.16303898096084596 0.21057529449462892 0.5624105343502015 0.7455882546636793
1.0 0.16420106887817382 0.21118104722764758 0.5628795494884253 0.7463026266922185
1.0 0.16571621894836425 0.21260098351372614 0.5667649224027992 0.7471313260808402
1.0 0.166758394241333 0.21430288950602214 0.5686160483583808 0.7488866900514674
1.0 0.1678621292114258 0.2196808073255751 0.5685588715970515 0.7507114622033672
1.0 0.16966476440429687 0.22377471923828124 0.5691304308176041 0.7530528322855632
1.0 0.17110167741775512 0.22522752549913194 0.5705622992571444 0.7546672288871106
1.0 0.17238556146621703 0.2288548151652018 0.5711079900246114 0.7566856759565849
1.0 0.173384428024292 0.234104495578342 0.5713905462995171 0.7585068962897784
1.0 0.17435460090637206 0.23601820203993057 0.5715738474950195 0.7595659957697362
1.0 0.17493804693222045 0.24224048190646702 0.5740568549651652 0.7621855105882809
1.0 0.17612498998641968 0.24966212378607855 0.5746882137376815 0.7652121256310264
1.0 0.1772019386291504 0.2532576455010308 0.5761755811423063 0.7662729582668824
1.0 0.17850756645202637 0.2573356840345595 0.5771419683471322 0.7683769066834155
1.0 0.18069623708724974 0.26057552761501734 0.5777586208749563 0.7706769079043541
1.0 0.1826798915863037 0.2637498643663194 0.5785293566063047 0.7729098614351249
1.0 0.18465977907180786 0.2711207707722982 0.5789096133317798 0.7769308265933283
1.0 0.18501200675964355 0.2745775858561198 0.5806513196602464 0.7794131233074046
1.0 0.1861855387687683 0.2772418763902452 0.5827547805849462 0.78242574641734
1.0 0.18812837600708007 0.2802760654025608 0.5831507065147161 0.7865961674113333
1.0 0.19059786796569825 0.2814917034573025 0.5856789705529809 0.7893843790631235
1.0 0.19251937866210939 0.2830521477593316 0.5903568631410598 0.7906165630434766
1.0 0.1950104832649231 0.288372802734375 0.5928325151558965 0.7928375498453777
1.0 0.19660139083862305 0.2918423122829861 0.5934661332517862 0.7938074286190081
1.0 0.1988527774810791 0.29440222846137154 0.5953124521300197 0.79566391956659
1.0 0.2010930061340332 0.2978594462076823 0.5972448011487723 0.7976988788887307
1.0 0.2050015449523926 0.3002116945054796 0.5991360308974981 0.8000569942556781
1.0 0.20821635723114013 0.30223397148980036 0.6002454082109034 0.8014395140424186
1.0 0.21026670932769775 0.303857676188151 0.604332875739783 0.8026314286832457
1.0 0.21199653148651124 0.30566448635525173 0.6052362751401961 0.8042479615152618
1.0 0.21438727378845215 0.3086678187052409 0.6073455085232854 0.8061703818815726
1.0 0.21657977104187012 0.3108152601453993 0.6078285482898355 0.8076341080371244
1.0 0.2201982021331787 0.3115025202433268 0.6101501118019224 0.8085499524187157
1.0 0.22311105728149414 0.3140759785970052 0.6110440515726805 0.809263795570091
1.0 0.22459058761596679 0.3148595174153646 0.6145446924120188 0.8101602632028085
1.0 0.22563691139221193 0.31584292517768014 0.6181921083852648 0.8107269481670709
1.0 0.2272718906402588 0.3184211942884657 0.6195280731841921 0.8111719756361879
1.0 0.22981371879577636 0.3203755908542209 0.6201324335113167 0.8112076624823205
1.0 0.23200876712799073 0.3227446662055122 0.6213471779040992 0.8111181599416851
1.0 0.23419244289398194 0.3233425564236111 0.6221160407550632 0.8108191049834828
1.0 0.23680520057678223 0.324196539984809 0.6229751197621226 0.8111085140557938
1.0 0.23964190483093262 0.32352803548177084 0.6243262628093362 0.8111112227263274
1.0 0.24348125457763672 0.32449442545572915 0.6259414102137089 0.8109330481070058
1.0 0.2458139419555664 0.32602242363823786 0.628325776308775 0.8109227030954242
1.0 0.24752531051635743 0.3267987569173177 0.6302788040786982 0.8107685283378318
1.0 0.2503560304641724 0.3269082811143663 0.6328424533270299 0.8102372855904661
1.0 0.25383505821228025 0.32697482638888886 0.6348505099490285 0.8095903900523245
1.0 0.2569552421569824 0.3277047051323785 0.6372703573852777 0.8091391572834532
1.0 0.2595001220703125 0.3279004414876302 0.6421468901634216 0.8086969739419443
1.0 0.26212563514709475 0.32680706448025176 0.6442096869274974 0.8078969822400882
1.0 0.2652411699295044 0.3258768717447917 0.64519406741485 0.8066905410201461
1.0 0.2681195020675659 0.3290471394856771 0.6533793034590781 0.8019050506309228
1.0 0.2723163843154907 0.3272533840603299 0.6482382950000465 0.8044867011647165
1.0 0.2744319915771484 0.3263525221082899 0.6497008183598518 0.8032395291034086
1.0 0.27572758197784425 0.32601165771484375 0.6515688171051442 0.8022512329949273
1.0 0.27766103744506837 0.32639372083875867 0.654971065595746 0.8009805777043473
1.0 0.27999134063720704 0.3264444139268663 0.6562455473840236 0.8001036355524888
1.0 0.28261661529541016 0.32629063924153645 0.6573935322463512 0.7993835495136403
1.0 0.28554062843322753 0.3255782233344184 0.6592958785220981 0.7977704981815668
1.0 0.2885116100311279 0.32580066257052953 0.6610991490259767 0.7955808073208657
1.0 0.29575376510620116 0.3291422526041667 0.6633114037662745 0.7895503008807148
1.0 0.2968445777893066 0.32943878173828123 0.6671580552309752 0.7891471417744954
1.0 0.2983804225921631 0.32913682725694443 0.6687879722192884 0.7887144658594957
1.0 0.30141677856445315 0.32871059841579864 0.6731320184469223 0.7875515751779816
1.0 0.3060417175292969 0.32999818589952257 0.6754098802804946 0.785702625674966
1.0 0.30897769927978513 0.32817120022243923 0.6778945784270763 0.7856658293877119
1.0 0.31166036128997804 0.3276778327094184 0.6817911985702813 0.784129445935473
1.0 0.31406867504119873 0.3268708970811632 0.6834928655065596 0.7826207942727172
1.0 0.3190244913101196 0.3276433308919271 0.6843653251044453 0.7814917578520599
1.0 0.3215585947036743 0.3278634813096788 0.6839137832634151 0.7801263838638494
1.0 0.3240364551544189 0.32805879380967884 0.6852101319655776 0.7800941539105074
1.0 0.3275525331497192 0.32810931735568577 0.6860566796921194 0.7790223233493757
1.0 0.33100836277008056 0.32903416951497394 0.6873793010227383 0.776442218709875
1.0 0.33328511714935305 0.3282336764865451 0.6891668060608208 0.7758228064172061
1.0 0.3360222339630127 0.32830657958984377 0.692581348977983 0.775469888051351
1.0 0.33794920444488524 0.32916395399305554 0.6966617126576603 0.7756984268000096
1.0 0.34160552024841306 0.3295844184027778 0.6975492541864514 0.7747690064230083
1.0 0.34672160148620607 0.33080384996202256 0.7001762539520859 0.7749114235536553
1.0 0.3490897178649902 0.3318650987413194 0.7018017060309648 0.7735794679618176
1.0 0.35033402442932127 0.3350873311360677 0.7005392612144351 0.7727599189899587
1.0 0.35263652801513673 0.3375732421875 0.7019587709009647 0.7713108656141492
1.0 0.35561456680297854 0.33900366889105904 0.7044066243618727 0.7722047393704637
1.0 0.35770244598388673 0.33995030721028646 0.7059506131708622 0.7722916712584319
1.0 0.35996761322021487 0.3430889553493924 0.7071332116425038 0.7727015033769019
1.0 0.36197619438171386 0.3441973368326823 0.7084387961402536 0.7719772907539649
1.0 0.36392157077789306 0.3457941691080729 0.7084301714412868 0.7715668155528881
1.0 0.3680042505264282 0.34585367838541664 0.7089650448970497 0.7717122000235098
1.0 0.37166359424591067 0.34644410875108506 0.7106069881282747 0.7724879675735663
1.0 0.3735623359680176 0.349351077609592 0.7113590028136969 0.7731913445319658
1.0 0.3750907897949219 0.35257890489366317 0.712934518456459 0.7733623375127345
1.0 0.3778384208679199 0.356915283203125 0.713716864362359 0.7740448252360027
1.0 0.38012104034423827 0.3590545654296875 0.7152301834523678 0.775179566277398
1.0 0.3820302963256836 0.3613450792100694 0.7155751617252827 0.7757385866141614
1.0 0.383912181854248 0.36334576076931424 0.7170581809431315 0.7759185742743221
1.0 0.3858358144760132 0.36540213690863715 0.7193986161239445 0.7765372595374966
1.0 0.38802931308746336 0.36633080376519095 0.719501806627959 0.7773088273884338
1.0 0.3894654273986816 0.37105992635091145 0.720547151491046 0.7774866361971255
1.0 0.39238269329071046 0.37307976616753474 0.7226967431046069 0.7782601641431267
1.0 0.39530894756317136 0.3767473856608073 0.7234430913068354 0.7784304615303322
1.0 0.3965993165969849 0.3804891798231337 0.7235931452177465 0.7797708354761571
1.0 0.3991415977478027 0.38894475301106773 0.7222877723723651 0.7812503839422156
1.0 0.399720287322998 0.39547305636935765 0.7223355761915445 0.7820568991296085
1.0 0.40091476440429685 0.3956695556640625 0.7226717668771744 0.7821697107950846
1.0 0.4019136905670166 0.39927266438802084 0.7228137038275599 0.7816447208545826
1.0 0.40434017181396487 0.40282253689236114 0.7238622327148915 0.7822361548152971
1.0 0.4055356025695801 0.40507439507378473 0.7250433780997991 0.7823676436624408
1.0 0.4054469108581543 0.4059727138943142 0.7237538889795542 0.7831753661308759
1.0 0.40787601470947266 0.4083894517686632 0.7261401824653149 0.7833745275897743
1.0 0.40923452377319336 0.4107131110297309 0.725163035467267 0.7843746504371549
1.0 0.4104489326477051 0.4132456461588542 0.7241268732398749 0.785970423663104
1.0 0.41302881240844724 0.4139328850640191 0.7243194072693586 0.7869244998178364
1.0 0.414307975769043 0.4175791422526042 0.7268821705877782 0.7879957735979998
1.0 0.4162618637084961 0.4213319566514757 0.7257143004238605 0.7889640720979667
1.0 0.4181044578552246 0.42585856119791665 0.7271219146996737 0.7901328814471209
1.0 0.41977901458740235 0.4288202073838976 0.7270253343880176 0.7912881817052394
1.0 0.4231576442718506 0.4304963853624132 0.7246619217470288 0.7915148202872571
1.0 0.4244381904602051 0.4338070339626736 0.7246115686744451 0.7922775697119442
1.0 0.4275371551513672 0.43955841064453127 0.7255919089913367 0.7932013850741917
1.0 0.4286910057067871 0.4397638956705729 0.7269782222062349 0.7948312469764992
1.0 0.4310786247253418 0.44355477227105033 0.7272727588564157 0.7967011175037902
1.0 0.4319808006286621 0.44713914659288195 0.7277090276032686 0.7999783047334647
1.0 0.4334414482116699 0.44894061618381076 0.728811669126153 0.8024893491062117
1.0 0.43535661697387695 0.45089501274956595 0.7300430830568075 0.8044912156940978
1.0 0.4376572608947754 0.45467113918728297 0.7307644569128752 0.8061378197611113
1.0 0.43877248764038085 0.456048583984375 0.7311684203892946 0.8078123389350043
1.0 0.44034442901611326 0.46054229736328123 0.7324352930486202 0.8094320064120822
1.0 0.4424717426300049 0.46736382378472224 0.7335397502407431 0.8104579256787713
1.0 0.444306755065918 0.4719182332356771 0.7342251051962376 0.8113944237320512
1.0 0.44835596084594725 0.47660819159613715 0.730922323986888 0.8137810814233474
1.0 0.4496306419372559 0.47848409016927085 0.7346425653249026 0.8128693064936886
1.0 0.4529891014099121 0.48364732530381943 0.7322219956666232 0.8160843677285278
1.0 0.45531501770019533 0.48310216267903644 0.7356300410628319 0.815488506246496
1.0 0.4578988075256348 0.48780415852864584 0.733152570053935 0.818790335478606
1.0 0.45946083068847654 0.49219080607096355 0.7338573548197747 0.8196732369175663
1.0 0.4603867530822754 0.49255523681640623 0.734454108402133 0.819000072479248
1.0 0.4621607780456543 0.49343431260850695 0.7349513033777475 0.8214530582192503
1.0 0.46309776306152345 0.4949313693576389 0.7361666014790534 0.8229976267873504
1.0 0.4640960216522217 0.4994981553819444 0.7362102151289582 0.8238888399100598
1.0 0.4651315689086914 0.5010701497395833 0.7366156236827374 0.8245023487232349
1.0 0.46762495040893554 0.5040590074327257 0.7365914551168681 0.8255936938156316
1.0 0.4690807819366455 0.5073582119411892 0.7365111150965095 0.826323567967356
1.0 0.4709371566772461 0.5132622612847222 0.7365600664913654 0.8272548006787712
1.0 0.47206525802612304 0.516448974609375 0.7368546334654094 0.8284471723768446
1.0 0.47462949752807615 0.5213966369628906 0.7367400012165308 0.8307698090871175
1.0 0.4746818542480469 0.5239157358805339 0.7362420469522476 0.8318700294141416
1.0 0.4767886161804199 0.5245941162109375 0.7361855647712946 0.8327434158325195
1.0 0.477997875213623 0.5305422041151259 0.736108421459794 0.8333900957343019
1.0 0.47924628257751467 0.5340144687228733 0.7358875765278936 0.8342983421278589
1.0 0.48016605377197263 0.5361919826931424 0.7357756118476391 0.8352931578365373
1.0 0.4810218811035156 0.539689466688368 0.7349554508924484 0.8369262464546863
1.0 0.4814592361450195 0.54103029039171 0.7349450956285 0.8382435065139958
1.0 0.48174328804016114 0.5438404507107205 0.7348529871925711 0.8390266179449765
1.0 0.48300981521606445 0.5456575605604383 0.7344901259988547 0.8405166580647597
1.0 0.4848208427429199 0.548592037624783 0.7333131168037653 0.8409438127352868
1.0 0.486253547668457 0.5498062981499566 0.7322552309930325 0.8411788070349046
1.0 0.4863739967346191 0.5533445570203993 0.7308333038538695 0.8405939740310481
1.0 0.4869882583618164 0.5561014387342665 0.7284443466365337 0.840268693205751
1.0 0.488046932220459 0.5604398939344618 0.7269756240397692 0.8399351122349868
1.0 0.48894319534301756 0.564011467827691 0.7260726525634527 0.8396424387708123
1.0 0.48933820724487304 0.5648041619194879 0.7250530568510294 0.8379982205379156
1.0 0.48954362869262696 0.5662565019395617 0.7243807467073202 0.8373406688666639
1.0 0.4900862693786621 0.5674706353081598 0.7229593480378389 0.8364414266892422
1.0 0.49027462005615235 0.5682727813720703 0.7213385267555713 0.8356946664386324
1.0 0.4903090953826904 0.5697419908311632 0.7194681060686707 0.8351397490795748
1.0 0.4906642913818359 0.5723279317220052 0.7183302381634713 0.8344158578802038
1.0 0.49080896377563477 0.5741783565945096 0.715652684494853 0.8341170130246951
1.0 0.4910104274749756 0.5770491282145183 0.7129887716844678 0.8338780404903271
1.0 0.4910079002380371 0.5794691297743055 0.7120840705186129 0.8333374004599489
1.0 0.49154176712036135 0.5812370300292968 0.7113191881030798 0.8328430186377631
1.0 0.49182758331298826 0.5803727043999566 0.7104393909871578 0.8323745874711026
1.0 0.49223918914794923 0.5817922804090712 0.7098508431017398 0.8322307090994752
1.0 0.4921396255493164 0.5820485432942708 0.708912123888731 0.8321866960878725
1.0 0.49196681976318357 0.5825519137912326 0.7079218681156635 0.8315929386939531
1.0 0.49201059341430664 0.5830214606391059 0.7073831986635923 0.8311630907176454
1.0 0.4920497894287109 0.5841023339165582 0.7066029670834542 0.8308375097792825
1.0 0.492315673828125 0.5850191752115885 0.7053458166122437 0.8299421561205828
1.0 0.4920505046844482 0.5852535247802735 0.7046197530999779 0.8291699902216594
1.0 0.492116641998291 0.5854115804036458 0.7026397304981946 0.8289154575489186
1.0 0.49222593307495116 0.5853544871012369 0.7005518613010645 0.8285823866173073
1.0 0.4923511505126953 0.5863756391737196 0.6993387851119042 0.828070477085349
1.0 0.49221148490905764 0.58751220703125 0.6985122970119119 0.8273924255371093
1.0 0.49173426628112793 0.5877276950412327 0.6974772656336427 0.8270232026370954
1.0 0.49155282974243164 0.5882086435953776 0.697040195390582 0.826844176363062
1.0 0.4912055015563965 0.5896486070421006 0.6957724613696337 0.8264774913552366
1.0 0.4910602569580078 0.5898874918619792 0.694459842145443 0.8258174712569625
1.0 0.49065394401550294 0.589679463704427 0.6940492689982056 0.8248198353802716
1.0 0.49064202308654786 0.5892807006835937 0.693020263724029 0.823911813100179
1.0 0.49032039642333985 0.5881219651963976 0.6926982207596302 0.8236152826709512
1.0 0.48963499069213867 0.5872686598036024 0.6914758596569299 0.8227401046988405
1.0 0.4890864372253418 0.5869488186306424 0.6881649402529002 0.8211028570010339
1.0 0.48830347061157225 0.5866919623480903 0.6861666505783797 0.8211900193014262
1.0 0.4880791664123535 0.5865066104465061 0.6844277053326369 0.8214064429130084
1.0 0.4876962184906006 0.5864465077718098 0.6831360142305494 0.8216799977973656
1.0 0.48801517486572266 0.5858248392740886 0.6827819995582104 0.8214312104825621
1.0 0.48806118965148926 0.5859575483534071 0.6821290304884314 0.821400932441523
1.0 0.4878760814666748 0.5866676330566406 0.6815974063053727 0.8216078895992702
1.0 0.48769779205322267 0.5871427324083116 0.6814333705604076 0.8216229123833738
1.0 0.48711299896240234 0.5877418518066406 0.6807229585945607 0.8216715017954509
1.0 0.4862993240356445 0.5889450073242187 0.6802196727693082 0.8217980893452962
1.0 0.4853531837463379 0.5897956000434028 0.6795620905607939 0.8218694719856168
1.0 0.48480997085571287 0.5905616336398655 0.678709262534976 0.8218933307388683
1.0 0.4847438812255859 0.5913795471191406 0.677244088947773 0.8222089841630724
1.0 0.48450441360473634 0.5921642303466796 0.6768872203677893 0.8230797645780774
1.0 0.4844832420349121 0.5931627909342448 0.6753966439515352 0.8239256643365931
1.0 0.48448657989501953 0.5950287712944878 0.6743838392198086 0.82405395919894
1.0 0.4838766098022461 0.595892588297526 0.6735558588802815 0.8244581346158628
1.0 0.4833566188812256 0.5974570804172092 0.6733161776140333 0.8274683009842295
4.0 0.4826002597808838 0.5939920213487413 0.6729395903274418 0.8288770069310695
1.0 0.48290128707885743 0.5992104000515408 0.6726452896744013 0.8286380799022721
1.0 0.48233909606933595 0.6010933770073785 0.6719042471051215 0.8293511018635314
4.0 0.48148860931396487 0.5974612765842013 0.6719487805664539 0.8319852358029212
1.0 0.4817819118499756 0.6018987019856771 0.6713073484972119 0.8299718637819644
4.0 0.48064823150634767 0.5979626973470052 0.6714762239158153 0.8328679385008635
1.0 0.4812952995300293 0.602599377102322 0.6703582981973886 0.830607351668087
4.0 0.4802891731262207 0.5988883548312717 0.6706604453176259 0.8334206316794878
1.0 0.4803011894226074 0.6020274692111545 0.669006764665246 0.8311314376783959
4.0 0.4790502548217773 0.5985092163085938 0.6695731754601002 0.833911304473877
1.0 0.4794323444366455 0.6034220377604167 0.6680746069177985 0.8319956065990307
4.0 0.47823190689086914 0.5993075900607638 0.6687248539179563 0.834259960975176
1.0 0.47891712188720703 0.604449208577474 0.6667399130761623 0.8322524773633039
1.0 0.47785215377807616 0.6045137193467882 0.6651253161579371 0.832894189387192
4.0 0.4767128944396973 0.5991867913140191 0.665762593075633 0.8345282595834616
1.0 0.47632875442504885 0.6058770073784723 0.6640865244716406 0.8335485934033806
4.0 0.4752317428588867 0.6001932779947917 0.6642519856989384 0.8350350641321254
1.0 0.4748224258422852 0.6083704630533854 0.6627327208220959 0.834885021492287
1.0 0.47450571060180663 0.6090608808729384 0.6604368066042662 0.8352121265434925
1.0 0.4734684944152832 0.6097470601399739 0.6593823762983083 0.8360272644184253
1.0 0.4723914623260498 0.6132336086697049 0.6566115063801408 0.836653542459747
1.0 0.47195911407470703 0.6160865783691406 0.6558673582971096 0.8370874224768744
1.0 0.4709175109863281 0.6160066392686632 0.6547896617650986 0.8382622059480643
1.0 0.4692729949951172 0.6161439683702257 0.6539931979775429 0.8400388164284789
1.0 0.4681118011474609 0.6178329467773438 0.6523095348477363 0.8415428521898058
1.0 0.46621389389038087 0.619622548421224 0.6501544738560915 0.8426955417350486
1.0 0.4656851291656494 0.6215694427490235 0.6486333472654223 0.8427734549840292
1.0 0.46443824768066405 0.6239888509114583 0.6464721032977104 0.8437034239592376
1.0 0.4627490520477295 0.6265691969129774 0.6441395435109735 0.8425745044519871
1.0 0.4612908363342285 0.6275823805067274 0.6426254373043776 0.8436283272872737
1.0 0.4601426124572754 0.6284608629014757 0.641903830692172 0.8448487427793904
1.0 0.46002583503723143 0.6292811075846354 0.6406406372413039 0.8457792373939796
1.0 0.4588321685791016 0.629329596625434 0.6397095915675164 0.846747764069357
1.0 0.45736494064331057 0.631396484375 0.6382700220495463 0.8483870781792534
4.0 0.4564274787902832 0.6271744622124567 0.6390491434186697 0.8514442760561719
1.0 0.45595321655273435 0.6319853464762369 0.6362210112810135 0.8501895100982101
1.0 0.4540583610534668 0.6323724958631728 0.6341714242845773 0.8522231385148602
1.0 0.45392637252807616 0.6342748430040147 0.6337236819416285 0.8540532464745604
0.0 0.4398978233337402 0.6181350708007812 0.6462447506934405 0.8606510141160753
1.0 0.45265769958496094 0.6352842542860243 0.6317325428128242 0.8562357163134916
4.0 0.4506355285644531 0.6323891957600911 0.6316141504049301 0.8575752203552811
1.0 0.45056781768798826 0.6384585910373264 0.6306252430379391 0.8576686854421357
4.0 0.44867401123046874 0.6352977752685547 0.6301516973972321 0.8588441027535333
1.0 0.44928789138793945 0.6386669582790798 0.6291273530572653 0.8589113091833798
4.0 0.4481691360473633 0.6355135599772136 0.6291527365148067 0.860255664896082
1.0 0.4483369827270508 0.6394847022162543 0.6277379249036312 0.8610930279743525
4.0 0.44795665740966795 0.637869135538737 0.628380521684885 0.8611547810943039
1.0 0.4474525451660156 0.6414301130506728 0.6262316197156906 0.8613075094458498
1.0 0.4472195625305176 0.6435703701443143 0.6244723679870366 0.8620712910169437
1.0 0.4462082862854004 0.6457117716471354 0.6231353437155486 0.8633379328692401
1.0 0.4445029258728027 0.6472150166829427 0.6219686157256364 0.8641253178207963
1.0 0.44420547485351564 0.6494416978624132 0.6198929852247238 0.8672490054001044
1.0 0.4426133155822754 0.6503605736626519 0.6182276832312346 0.8685036970656596
1.0 0.44171743392944335 0.6515282524956597 0.6165350390225649 0.8702293702113776
1.0 0.44018983840942383 0.6525574154324002 0.6152432408183813 0.8713203005731842
1.0 0.4383599281311035 0.654337141248915 0.6142520862072706 0.8725857493318158
1.0 0.4378517627716064 0.6563286251491971 0.6122996919974685 0.8743118889537859
1.0 0.4367199897766113 0.6577906290690104 0.6109263791888953 0.8754442645885325
1.0 0.43527898788452146 0.6601416269938151 0.6087684816867113 0.8768215806395919
1.0 0.4349799156188965 0.661945088704427 0.6067695278674364 0.8776371164675112
1.0 0.4333658218383789 0.6639990912543403 0.6054220072925091 0.8787669744609314
1.0 0.431917667388916 0.6663462320963541 0.6042231302708387 0.8790187058625398
1.0 0.430833625793457 0.6695310380723741 0.6035174952447415 0.8801978559258543
0.0 0.41535234451293945 0.6500739203559027 0.608262961730361 0.8883842628384814
1.0 0.4293352127075195 0.671548589070638 0.6015210042893886 0.8824211415538081
1.0 0.4286792278289795 0.6716616736518012 0.600736309029162 0.885808944290067
4.0 0.42658843994140627 0.6719827440049914 0.6008726489543915 0.8863004247641858
1.0 0.4275510787963867 0.6739728291829427 0.5988656522333622 0.8864787317205358
1.0 0.4252791404724121 0.6761450025770399 0.5958657372742892 0.8867068006962905
1.0 0.4239938735961914 0.6771656460232205 0.5938538210093975 0.8891049124870771
1.0 0.42354068756103513 0.6789720323350694 0.5930200915038586 0.8894622567259235
1.0 0.42312145233154297 0.6800149705674913 0.5915340222418308 0.8903987998726927
1.0 0.4215043067932129 0.6820716010199652 0.5904207264631987 0.8919512379022292
0.0 0.4094878673553467 0.6701164669460721 0.594851586855948 0.8987101925155263
1.0 0.42007880210876464 0.6840747409396701 0.5883171286061406 0.8926444260868026
1.0 0.4187496185302734 0.6843678792317708 0.584599075615406 0.895094750015824
4.0 0.41892476081848146 0.6828787909613715 0.5858684223517775 0.8975212702339078
1.0 0.416872501373291 0.6883799235026041 0.5826507549732923 0.8957720933137117
0.0 0.4023858070373535 0.6754785325792101 0.5980518966168165 0.902724707685871
1.0 0.41537914276123045 0.6918399386935764 0.5810892309248448 0.8971344752370576
1.0 0.4132941246032715 0.6927829318576388 0.5803508085757494 0.8980953169457706
1.0 0.41230001449584963 0.6942060682508681 0.5784779966622591 0.8995629312962662
0.0 0.405869197845459 0.687839847140842 0.5801990623027086 0.906968471268077
